359 26 12
382 64 9
622 913 1
157 548 4
316 747 1
594 779 5
168 953 3
962 519 1
586 943 12
442 957 12
303 474 19
419 62 9
841 586 6
151 379 4
106 324 1
972 331 6
707 569 20
723 475 5
210 355 11
46 730 19
288 175 1
278 83 2
973 594 14
575 699 5
857 266 16
986 295 20
919 633 16
419 784 5
870 451 8
349 238 4
336 685 17
819 324 17
413 146 2
271 396 10
157 585 16
710 968 13
535 505 13
274 399 2
770 284 14
144 36 3
548 740 4
139 715 6
976 904 6
614 512 6
376 124 10
330 27 12
895 826 20
482 417 8
22 409 1
228 693 4
869 932 14
908 523 3
143 277 8
895 12 4
556 776 6
919 616 15
48 341 3
287 842 12
109 171 6
160 227 5
701 475 11
353 599 14
111 161 6
279 195 11
583 961 1
174 906 9
805 812 7
408 412 13
948 158 16
966 737 13
166 349 12
651 735 16
668 833 5
574 960 20
258 650 1
397 812 8
272 18 5
267 10 11
683 730 11
724 451 18
323 43 12
728 659 11
775 348 8
382 224 13
112 370 9
249 839 3
250 182 4
133 374 17
535 798 18
758 337 13
41 873 15
872 879 8
346 727 15
468 452 18
774 400 15
878 820 1
275 177 3
503 151 10
509 192 14
823 669 6
44 887 11
704 237 3
568 56 1
270 705 1
923 37 18
180 431 16
221 200 8
419 426 5
765 564 12
953 646 19
73 92 5
996 149 17
381 605 17
928 706 2
96 648 12
725 471 11
469 708 7
847 928 16
624 600 3
280 213 2
229 908 18
279 124 13
910 903 6
203 411 4
524 619 9
887 251 20
121 338 20
845 639 19
711 162 4
782 829 12
965 201 9
813 756 7
58 456 19
811 274 10
950 322 11
444 475 15
75 188 11
855 399 11
349 654 4
857 41 20
472 254 19
481 798 4
583 91 2
688 967 20
763 673 13
785 339 7
762 888 9
173 561 16
336 805 1
596 609 16
981 292 3
862 70 7
547 751 13
882 343 1
34 905 11
886 804 5
406 949 11
683 234 7
59 829 20
88 527 9
281 557 9
274 962 15
781 787 2
97 217 14
344 941 16
156 858 13
281 253 7
367 576 17
907 493 10
635 167 5
664 937 20
38 83 5
907 753 2
62 566 20
50 692 19
867 680 11
154 8 16
319 213 19
806 830 9
907 577 2
612 684 11
736 403 16
151 807 2
128 286 16
797 262 11
150 364 6
194 760 6
641 504 10
655 910 13
2 202 8
560 437 13
689 123 16
196 681 15
551 346 18
325 837 20
680 569 3
248 697 5
852 544 4
954 294 17
685 509 10
362 537 16
827 401 2
601 913 1
116 15 10
598 990 18
418 942 1
392 80 12
958 901 14
948 87 11
852 195 19
393 406 13
254 422 16
670 157 20
505 779 9
728 9 12
877 138 2
267 437 20
409 254 10
164 453 20
322 173 13
838 798 3
927 571 17
613 599 18
265 278 6
922 247 5
615 380 14
857 254 14
143 814 14
768 269 12
212 200 2
518 692 14
686 263 16
794 792 16
948 688 9
658 808 13
421 268 12
670 304 6
286 672 15
302 672 14
581 323 20
207 252 9
254 717 20
989 869 11
800 961 13
362 520 14
651 636 12
782 312 9
978 957 8
820 250 15
924 644 15
364 515 16
714 266 8
547 957 8
992 997 19
191 248 18
94 715 2
169 292 10
590 80 3
539 359 15
578 594 13
917 231 5
974 661 19
427 998 12
952 274 18
776 840 5
819 376 13
545 318 3
916 661 16
429 77 15
889 52 12
564 249 2
145 77 11
714 440 7
284 401 12
581 591 14
110 273 3
197 371 13
855 802 20
923 59 5
949 102 17
818 355 11
726 6 19
242 358 5
740 815 16
91 261 11
187 653 9
683 538 3
647 127 5
736 492 9
148 585 8
789 671 19
438 841 4
26 713 6
822 312 2
679 41 6
470 377 1
330 159 7
11 281 16
402 270 14
327 984 14
239 796 18
1 967 4
965 1000 19
133 134 17
637 931 19
621 61 20
295 503 5
968 821 9
843 928 11
659 561 14
96 523 1
776 209 2
942 151 1
232 3 9
364 596 15
713 23 16
319 217 9
108 754 5
808 173 14
166 468 7
977 741 3
393 273 14
902 655 3
672 126 5
631 882 20
874 430 8
970 510 15
404 342 3
126 540 9
521 234 17
684 248 20
328 173 12
642 893 9
464 360 14
823 310 11
382 419 3
827 166 7
50 70 18
158 838 16
511 572 8
252 574 3
6 300 17
660 841 5
869 711 14
357 37 8
889 484 14
990 390 17
148 126 8
155 307 2
808 445 19
171 443 19
170 416 20
648 903 9
434 440 13
488 309 13
286 706 2
357 567 5
690 962 9
492 457 11
999 719 3
36 679 18
536 986 4
347 197 12
665 598 9
690 813 5
790 879 1
335 129 20
770 717 12
713 63 6
509 130 8
547 435 8
701 278 12
96 152 2
167 275 7
379 827 9
123 662 2
249 231 16
756 361 8
762 455 19
512 81 15
611 617 12
313 414 13
350 773 5
181 533 15
2 778 11
852 372 2
522 116 2
840 864 10
408 476 14
360 321 4
29 660 9
764 175 6
532 997 3
960 16 6
743 302 12
875 107 8
218 35 20
116 23 4
656 169 15
864 219 16
910 276 16
476 672 16
604 503 20
332 377 13
408 140 9
396 200 3
872 852 17
652 155 18
239 800 6
963 851 16
881 673 13
130 657 20
517 477 9
116 54 14
667 277 1
479 891 14
762 661 17
481 953 8
672 654 16
864 122 10
939 369 14
822 468 17
81 934 15
605 161 4
344 535 16
352 759 17
617 749 19
286 844 19
855 111 12
963 572 11
546 31 9
814 416 12
606 491 4
32 314 19
119 630 19
886 241 2
269 251 16
574 906 3
223 234 19
944 134 12
126 28 10
744 752 19
296 723 14
889 133 1
361 244 15
689 366 5
561 955 12
631 430 6
538 838 8
888 868 13
485 259 16
568 33 14
509 816 17
581 275 14
125 218 20
765 402 15
702 476 9
514 102 12
229 443 20
620 384 5
112 742 14
983 369 6
779 578 1
226 63 12
376 923 8
663 704 13
135 166 6
1 79 5
21 224 2
650 443 2
591 559 9
20 647 10
44 157 2
661 961 13
987 828 11
789 543 12
238 657 18
947 122 1
919 803 15
830 32 16
241 670 20
296 243 5
375 79 17
533 853 11
608 443 4
100 954 17
826 496 12
438 572 1
20 664 4
578 981 12
341 73 6
842 995 15
697 463 15
728 344 9
525 765 13
161 860 9
159 958 15
923 569 14
263 11 15
786 141 17
734 422 3
116 687 19
247 843 14
264 877 12
925 197 19
595 803 5
70 103 9
34 962 11
359 685 12
654 514 2
205 96 4
876 3 20
685 506 3
432 827 10
728 530 19
71 345 1
636 995 12
579 159 12
705 844 7
744 195 9
111 778 2
762 345 10
557 982 10
548 782 17
606 32 2
488 30 16
248 506 11
958 243 9
273 303 16
716 741 7
640 561 5
415 52 10
371 822 2
976 446 3
947 942 3
182 207 3
825 777 3
904 730 8
663 830 13
164 306 6
864 707 8
566 683 9
104 783 8
358 995 4
62 636 19
127 220 13
14 322 19
229 505 18
971 143 13
9 709 1
14 448 17
107 289 1
809 813 11
828 454 4
556 842 2
767 59 14
899 996 14
970 148 2
734 401 20
124 110 2
609 114 14
64 48 7
578 272 19
917 546 1
275 205 13
79 339 15
118 354 17
231 807 17
69 540 1
738 140 4
276 554 3
670 481 3
610 127 4
755 692 3
703 927 11
157 406 6
994 563 15
283 456 20
806 741 13
581 848 8
660 376 13
938 101 19
649 966 13
702 739 18
931 225 5
424 197 15
620 576 10
714 136 2
926 499 1
551 769 14
393 175 15
940 908 16
972 434 4
613 45 16
276 814 17
229 783 8
376 967 14
311 899 20
801 490 13
53 25 13
923 440 14
185 74 3
745 381 5
756 452 20
697 202 4
492 618 10
357 632 3
752 223 19
957 464 13
805 611 17
457 315 15
758 590 6
509 298 12
870 567 1
852 290 11
325 930 6
423 196 17
55 478 10
348 462 8
208 192 10
934 949 9
241 143 9
674 550 9
247 141 1
147 141 6
788 638 18
95 441 14
246 29 15
771 285 20
26 897 13
605 583 1
584 230 1
1000 963 3
378 76 19
37 418 4
145 368 3
930 249 6
370 524 12
904 510 12
850 900 11
991 6 5
347 535 11
567 703 19
701 65 7
456 283 14
404 690 15
208 958 20
17 836 2
336 251 18
146 485 16
117 38 8
607 351 13
4 917 17
813 722 3
27 426 5
473 168 13
472 823 16
320 238 14
64 331 12
306 682 4
245 769 11
888 390 17
489 517 10
507 195 13
661 294 4
315 892 14
993 353 14
567 809 1
99 957 7
321 722 9
68 747 9
219 377 9
101 285 13
895 89 17
843 380 16
161 131 17
430 967 16
898 766 9
85 893 2
452 962 6
228 821 11
766 911 13
463 625 20
224 365 2
955 644 19
437 988 15
474 594 20
938 433 9
760 813 18
140 298 10
950 624 20
672 135 8
428 505 10
529 609 3
614 885 8
830 575 15
121 477 3
614 771 2
240 930 8
243 20 17
168 43 10
718 645 17
585 130 3
640 330 6
879 675 2
907 669 4
435 525 2
770 179 5
551 352 8
61 623 1
362 523 2
414 543 10
861 1000 12
784 571 17
279 738 7
835 306 11
441 924 18
352 172 4
299 395 20
937 176 5
53 370 19
371 3 20
487 50 9
718 695 18
175 40 3
354 911 5
984 519 1
409 630 20
438 408 7
900 718 5
42 486 12
547 316 4
465 641 14
240 790 8
726 83 10
806 713 10
90 278 7
743 693 4
488 682 12
987 564 9
997 702 8
302 768 15
111 138 20
720 271 16
838 946 7
618 532 14
624 498 18
882 725 20
113 378 8
192 817 12
353 47 17
506 564 4
393 175 19
973 226 19
299 451 1
447 876 14
964 171 8
49 465 17
192 642 16
402 83 16
397 419 3
542 380 13
896 834 1
750 621 12
776 554 4
925 394 4
755 791 2
433 376 5
727 762 9
668 890 16
544 498 15
253 620 9
91 501 19
95 791 8
184 905 5
316 533 9
77 810 1
718 640 9
938 36 3
788 604 12
274 954 12
401 141 1
751 577 10
401 93 18
963 305 11
175 216 16
781 41 5
534 304 9
960 958 14
881 973 11
756 550 16
820 461 17
17 394 10
501 119 15
183 712 8
473 579 2
906 231 14
256 143 7
599 167 4
764 456 3
462 342 20
308 710 13
222 213 10
190 274 4
516 740 17
50 790 3
540 621 1
329 525 15
539 944 2
915 118 7
686 704 12
974 322 12
392 480 20
760 915 2
716 178 16
902 473 7
444 386 3
940 53 6
574 316 15
350 184 11
505 766 3
208 155 6
779 619 17
623 937 19
765 446 1
9 20 7
787 794 1
20 678 18
10 706 4
594 555 13
696 813 13
675 653 14
343 20 1
881 635 8
263 376 16
621 501 8
53 9 19
457 921 17
285 327 12
861 755 3
798 244 5
110 743 17
830 223 12
278 578 9
112 621 10
602 543 5
978 298 12
145 136 8
872 952 18
268 58 20
29 47 4
757 37 3
409 782 19
52 737 9
715 272 12
796 850 1
853 857 2
720 993 4
734 82 3
312 872 15
803 204 19
898 563 16
590 524 15
477 174 16
902 463 15
391 323 17
717 202 4
912 629 18
776 919 17
956 317 2
188 197 5
418 788 5
333 902 8
778 834 1
656 469 12
392 299 13
529 79 9
1 256 19
595 417 8
749 430 9
786 440 3
187 884 10
292 819 19
411 613 4
195 447 15
156 51 1
440 657 6
329 673 5
255 745 13
517 996 6
978 963 15
909 223 8
385 470 18
993 568 7
487 354 3
784 66 11
381 58 8
345 815 10
182 183 5
467 269 13
333 985 2
880 227 8
910 196 15
148 78 17
767 484 14
573 584 12
338 874 19
689 606 18
586 218 12
115 347 8
627 23 7
313 598 11
653 117 1
920 306 19
42 623 5
899 685 12
772 684 3
959 250 15
150 818 16
444 127 18
224 39 4
770 429 1
808 405 2
950 588 5
858 122 18
691 244 18
51 162 11
513 574 2
196 788 20
756 986 6
104 750 18
956 235 14
472 899 17
41 238 13
509 160 5
336 334 2
696 142 18
234 546 5
431 601 17
988 91 7
735 138 16
64 778 1
880 74 13
773 892 2
804 830 8
886 897 8
552 708 8
117 901 18
261 828 17
991 125 5
305 511 17
247 130 5
493 690 18
460 531 9
627 579 4
675 738 11
543 393 9
915 723 13
913 182 2
437 6 1
271 803 8
979 217 7
554 315 16
575 44 11
919 898 17
41 829 3
995 629 12
411 534 9
6 118 13
280 657 7
416 121 12
126 255 16
405 351 9
187 240 10
183 946 6
617 546 5
719 970 2
285 821 2
307 675 13
602 545 20
734 360 9
51 131 18
357 36 16
4 882 20
35 854 1
634 130 11
531 181 7
204 362 4
73 287 20
400 451 7
577 834 10
907 263 6
175 840 5
978 6 20
391 888 3
522 735 19
889 751 4
878 394 18
247 382 13
579 458 2
172 77 4
387 299 15
10 878 4
607 638 17
319 339 12
675 694 15
704 507 18
180 623 2
423 448 16
616 525 7
440 910 7
262 331 15
996 144 16
39 332 6
713 28 10
76 352 13
410 354 18
957 584 15
394 640 7
671 532 15
430 447 19
928 828 7
183 741 13
260 697 7
139 840 19
304 912 18
694 174 7
695 647 19
409 43 7
615 887 5
516 285 5
473 393 5
841 858 15
405 215 4
785 223 8
834 978 2
849 367 15
639 55 9
264 546 3
346 196 11
194 587 8
899 984 7
95 802 8
540 504 10
97 406 2
963 98 14
188 716 3
494 30 20
736 853 3
511 974 20
670 125 2
488 860 11
726 294 4
515 641 12
721 677 1
469 266 2
825 723 9
550 413 11
774 22 20
383 132 10
999 653 2
645 188 13
162 456 13
916 659 8
792 554 5
628 600 4
941 622 18
752 729 19
818 693 20
864 170 13
943 877 8
130 453 10
873 969 5
993 390 7
778 158 8
365 137 12
348 275 10
558 608 10
791 974 3
386 299 7
289 846 17
925 402 15
23 251 9
802 198 6
740 726 9
456 963 6
932 79 12
869 41 4
963 895 12
370 318 6
743 116 2
343 357 17
808 294 12
32 243 3
599 419 13
937 250 20
460 859 17
573 474 2
467 624 4
489 733 10
964 452 14
207 625 19
796 300 5
187 798 16
702 312 18
566 334 20
968 641 15
87 986 4
656 173 6
815 478 16
832 788 4
128 644 10
177 676 13
415 30 15
329 109 2
986 23 1
950 171 19
785 218 14
577 65 5
367 106 7
651 342 13
9 754 1
415 974 10
65 793 18
301 425 12
336 372 11
22 789 16
705 204 2
15 368 4
617 247 7
272 423 18
166 363 18
898 329 15
345 54 4
533 612 10
362 588 8
856 246 7
733 42 17
976 344 17
907 446 7
571 320 9
175 725 8
457 893 1
783 985 12
238 244 2
885 454 5
144 966 16
944 605 4
545 512 14
312 394 20
360 521 19
475 401 18
60 921 13
732 441 8
137 425 16
997 734 17
967 544 6
647 798 18
177 169 9
498 347 6
346 814 9
184 212 15
450 435 11
213 618 3
580 335 13
85 456 1
470 571 1
995 818 9
758 156 8
219 520 6
798 215 14
801 50 2
768 336 16
290 812 2
778 642 19
597 234 10
44 798 15
295 386 15
98 384 10
981 596 9
320 357 18
336 484 6
342 1000 1
378 742 14
471 365 18
411 22 9
682 232 16
678 42 2
569 898 17
857 404 13
410 690 19
606 133 13
165 249 18
825 616 18
558 538 6
49 193 3
899 862 14
948 550 2
444 177 19
615 927 15
217 921 11
67 224 17
717 126 16
929 800 2
658 21 5
232 191 20
354 228 2
716 398 7
327 669 3
935 644 4
398 860 4
29 590 9
196 810 5
56 303 6
357 842 15
156 82 16
14 845 17
680 934 8
512 845 16
318 116 1
780 476 20
897 642 18
362 952 14
185 806 2
517 801 14
981 483 8
421 452 13
589 614 13
333 39 5
595 457 17
895 225 14
967 997 3
822 125 3
206 991 8
363 841 19
605 385 10
521 778 1
463 760 2
760 646 15
16 635 19
373 929 2
176 157 12
898 415 7
482 731 16
54 275 13
128 581 12
322 919 13
731 855 6
463 655 11
257 637 13
210 948 18
871 687 7
696 597 11
710 665 12
384 891 7
979 994 13
872 175 2
245 314 15
601 814 13
558 678 11
789 656 10
599 280 9
888 624 2
849 369 6
228 909 8
141 84 6
874 284 18
895 272 9
274 163 18
876 958 14
232 80 17
44 685 7
471 191 6
1000 313 7
813 287 12
819 792 9
416 331 18
938 42 14
154 833 5
17 285 15
297 920 17
959 65 15
322 297 2
163 237 8
422 820 20
808 557 16
693 947 7
70 445 12
951 16 7
417 639 8
864 214 4
140 214 2
874 954 10
681 938 8
641 983 14
100 843 11
417 100 1
900 266 6
912 834 10
104 363 13
778 434 19
648 852 11
377 974 17
958 399 5
357 978 6
212 548 19
248 415 18
900 75 12
760 417 8
954 447 14
772 423 4
859 436 15
276 71 10
608 321 6
816 209 13
351 387 13
804 282 10
395 625 11
821 674 13
375 899 5
68 79 6
85 301 18
528 506 2
104 584 11
86 817 1
359 106 2
853 695 16
774 1000 7
109 133 10
71 982 1
866 809 12
931 743 15
374 704 6
788 208 9
23 354 5
857 957 20
944 559 4
185 145 14
487 285 8
496 188 1
312 928 15
459 408 9
587 356 7
624 71 5
328 756 20
346 32 18
243 585 5
684 289 11
330 102 4
35 549 1
264 169 9
418 14 16
632 217 9
63 246 18
865 791 13
323 267 8
276 133 17
928 840 11
400 289 13
280 949 11
530 253 20
477 279 11
315 127 13
991 192 6
22 988 4
743 458 20
250 336 4
966 772 3
861 779 15
330 738 16
931 678 12
354 373 15
447 539 7
424 427 12
980 636 18
727 505 14
469 298 10
319 846 6
598 469 18
373 379 18
459 849 16
637 227 6
375 404 5
382 58 11
32 720 13
416 184 10
366 180 13
254 198 12
11 381 5
564 224 11
341 507 16
385 979 15
548 145 12
559 377 15
246 759 17
839 824 6
162 336 5
478 49 1
274 296 15
399 60 15
865 701 10
938 96 3
641 70 16
706 709 17
36 128 7
354 357 16
227 544 6
240 705 6
332 311 19
939 794 7
460 670 12
709 107 7
860 993 18
553 429 15
66 978 3
628 347 17
251 29 3
944 93 8
520 161 16
753 387 19
377 329 16
729 926 2
567 277 2
578 148 10
22 288 5
391 343 12
579 474 13
401 484 1
277 872 16
491 971 20
891 936 6
521 942 8
860 144 15
606 812 19
210 26 5
957 404 16
359 242 15
984 128 20
546 84 5
284 897 1
310 730 4
190 704 14
106 908 20
936 311 8
761 854 20
304 263 13
350 662 13
981 808 10
984 28 2
599 157 14
364 779 6
851 468 13
286 474 2
19 701 18
42 52 12
251 897 9
832 460 4
464 730 20
749 512 5
188 822 2
174 444 14
868 808 15
645 964 3
875 856 19
134 299 5
567 258 15
206 626 8
346 770 15
276 429 3
432 304 5
888 152 14
410 187 5
672 904 10
869 772 2
821 975 1
486 238 9
286 312 11
27 675 15
168 224 5
273 471 3
41 664 12
373 179 18
150 607 9
171 50 19
687 550 8
86 301 12
64 202 9
706 472 16
63 445 11
627 215 18
124 621 17
604 618 10
902 28 18
280 656 16
251 453 8
369 457 10
883 884 10
719 415 1
304 661 1
112 718 3
280 120 1
886 216 1
317 793 10
413 961 15
240 728 15
137 975 9
45 625 7
344 735 1
32 476 14
463 226 15
620 510 8
799 310 16
85 60 18
165 331 11
100 805 10
295 705 14
693 586 14
350 91 17
205 623 11
442 21 8
404 978 17
192 283 4
4 92 16
20 811 13
137 701 9
728 537 7
376 775 12
551 94 13
911 948 1
293 678 12
826 63 1
756 45 4
677 773 14
94 119 9
983 530 8
135 973 20
314 728 15
327 137 13
249 950 12
869 479 16
998 853 16
183 675 8
808 437 4
439 283 6
449 589 9
540 479 20
111 795 7
458 853 11
283 472 16
147 110 16
287 462 12
54 50 9
450 569 6
710 590 4
656 129 3
553 194 4
461 958 9
195 549 13
605 60 6
294 894 2
953 738 16
420 742 18
940 865 13
55 739 9
325 28 1
354 653 12
171 130 16
705 737 11
976 997 18
564 588 20
183 125 10
288 722 13
222 786 4
407 165 11
983 777 8
606 173 14
79 211 19
120 75 11
269 479 16
337 370 17
751 960 20
990 501 1
916 199 11
383 305 7
91 925 3
874 316 14
671 172 9
773 233 18
630 379 3
724 734 17
509 222 8
694 16 16
763 829 14
625 180 13
905 129 2
788 50 1
433 738 9
37 822 8
745 399 12
871 810 1
277 776 17
927 807 16
841 91 19
37 31 5
231 336 17
233 309 19
569 401 1
985 578 10
143 306 6
797 501 16
540 132 16
49 302 4
789 748 9
792 451 3
948 303 17
691 998 20
712 631 8
249 181 11
629 42 8
949 60 6
34 853 10
902 484 1
659 494 11
266 900 5
239 936 5
722 199 9
834 154 3
550 540 7
836 631 7
990 949 13
464 558 14
509 87 16
521 361 9
733 938 11
351 342 11
344 485 9
764 35 1
821 548 11
232 863 7
423 49 4
120 325 14
412 427 7
989 427 4
125 326 1
473 712 6
889 480 15
719 127 1
206 104 2
802 976 4
759 971 1
641 986 8
360 222 11
113 71 4
839 674 12
396 976 5
378 686 8
484 691 4
974 118 17
820 599 6
358 893 6
707 465 7
51 48 10
360 943 2
234 174 11
636 815 12
831 478 14
47 65 9
624 305 4
352 892 5
790 121 3
29 660 15
967 976 13
331 842 14
803 546 6
573 605 7
653 185 7
722 221 7
592 861 10
889 571 8
891 100 4
81 182 9
362 630 11
579 873 18
952 553 7
137 819 3
749 859 14
328 305 6
787 713 4
556 252 17
951 660 8
554 443 8
318 362 18
348 736 18
459 500 3
171 126 8
482 23 8
597 644 17
146 246 7
874 144 14
111 454 16
372 966 20
307 85 2
321 793 5
877 467 2
257 577 3
777 115 14
808 211 10
717 113 10
109 168 5
999 847 3
965 123 14
284 475 6
864 43 13
118 242 11
415 662 19
991 429 15
804 304 6
250 395 3
850 593 15
125 108 18
256 666 4
934 316 17
534 212 11
223 602 7
625 800 14
276 58 8
375 868 8
997 646 1
618 537 11
240 704 19
769 743 2
713 5 17
553 55 20
281 877 7
218 61 19
886 15 14
479 241 10
13 691 8
215 445 16
473 288 18
345 724 15
71 837 13
593 468 6
849 813 19
878 485 14
486 934 15
168 757 2
975 46 6
479 930 6
890 204 5
373 202 2
105 2 7
705 359 1
817 417 18
431 311 17
192 736 15
997 435 13
984 788 14
546 903 9
991 659 11
46 707 14
20 800 5
760 865 1
295 345 6
868 105 9
886 409 16
353 670 4
302 30 20
711 320 2
773 207 3
278 739 8
124 321 9
643 919 11
173 484 12
387 183 11
491 636 5
989 998 3
901 919 6
644 752 12
611 27 11
83 854 16
324 401 16
775 25 4
114 862 15
206 570 10
964 573 20
810 692 1
609 554 2
544 998 17
867 744 11
741 123 1
49 107 18
718 371 4
557 304 7
767 266 5
229 243 19
730 664 1
943 124 9
475 58 14
566 471 9
90 304 20
757 469 4
255 707 17
817 881 7
945 979 17
603 29 11
9 363 19
604 879 5
704 259 20
899 464 15
932 82 15
421 571 19
606 858 17
789 559 20
753 130 5
236 569 7
582 690 18
141 931 15
745 184 8
802 865 11
970 661 6
446 680 11
611 154 18
824 175 15
658 203 10
988 675 15
174 967 1
238 660 12
347 489 19
650 926 20
304 401 13
185 931 2
367 796 12
578 666 8
729 876 13
108 501 16
648 435 6
270 282 12
557 691 4
242 195 12
827 612 4
664 570 16
157 74 15
340 395 9
421 238 10
955 210 3
524 795 1
815 778 9
640 255 14
892 762 17
886 558 17
147 137 11
7 655 18
571 719 18
518 853 9
313 325 10
574 123 15
585 121 12
841 840 6
293 302 1
97 153 14
566 195 13
791 504 3
568 829 16
389 903 5
803 767 10
809 758 7
77 684 15
623 393 20
887 855 12
553 825 5
194 332 15
825 478 17
848 551 14
137 1000 9
64 869 4
345 451 14
165 763 18
7 140 9
643 813 12
461 693 4
421 787 19
69 374 3
325 959 6
899 406 1
238 490 18
767 136 8
650 912 18
336 935 3
723 15 15
921 51 17
184 975 11
534 203 16
273 261 9
709 882 13
180 861 12
362 135 1
260 138 4
578 631 11
317 193 13
551 851 17
915 240 5
227 7 1
461 737 14
312 896 20
955 19 16
252 86 13
74 313 14
507 781 3
339 325 16
740 963 18
690 809 8
241 684 13
240 782 10
40 361 17
729 19 12
457 858 17
488 682 10
941 362 8
683 286 5
216 47 18
372 333 3
704 347 13
894 7 14
1 824 13
824 900 6
882 551 20
987 346 10
94 649 9
517 852 12
525 795 12
736 756 19
634 655 9
102 386 10
929 197 3
788 381 2
323 789 4
882 69 8
109 526 6
905 899 8
539 534 3
125 421 13
516 762 15
891 314 3
525 693 3
217 92 18
20 672 19
89 250 10
362 216 7
877 923 19
942 104 5
780 803 5
597 479 5
585 621 8
189 705 7
251 796 7
974 693 7
930 183 19
637 910 16
167 967 1
156 587 11
248 342 18
309 427 9
108 295 2
611 376 12
626 688 18
323 405 17
480 913 10
778 42 4
472 831 7
908 242 11
633 513 18
720 335 1
208 876 5
67 154 19
244 591 16
565 703 7
929 100 20
876 599 5
171 733 13
682 582 14
382 999 8
762 180 16
585 39 5
285 640 1
829 878 20
887 809 19
767 871 6
402 10 19
742 438 2
200 941 8
998 427 10
683 304 18
726 982 4
474 831 5
665 988 15
413 94 6
305 195 14
966 669 9
148 122 7
691 95 12
408 16 18
506 345 20
862 719 2
697 770 10
90 189 11
2 898 16
958 682 1
517 443 1
933 700 1
193 120 8
373 529 1
368 648 3
221 110 1
147 734 8
375 90 6
550 820 9
265 210 19
327 272 9
454 979 5
296 849 18
350 141 19
698 551 14
364 692 1
954 729 4
816 383 5
762 647 19
509 972 9
787 630 10
260 123 18
73 356 3
38 299 2
118 758 7
799 376 12
357 521 7
326 270 1
798 945 9
28 499 8
854 320 15
259 410 2
858 39 15
336 813 4
671 933 2
674 799 4
762 431 20
15 264 2
432 733 16
533 85 18
263 541 17
706 54 13
732 335 20
845 26 5
942 569 14
237 889 5
485 307 15
70 355 3
111 653 6
921 266 3
947 379 7
357 567 3
962 684 11
360 739 20
663 794 4
583 82 5
507 849 20
690 589 2
942 383 10
95 674 13
357 881 2
550 587 4
129 272 12
377 389 9
875 333 10
738 452 11
199 560 11
849 41 18
580 915 7
238 750 17
287 725 2
715 42 8
82 963 12
474 558 7
546 416 9
748 884 4
775 750 12
443 874 20
277 663 10
625 977 4
10 452 7
971 575 18
62 784 18
71 492 6
59 711 8
983 19 13
832 85 8
786 275 16
52 672 1
840 153 5
653 242 11
670 819 15
690 830 6
238 94 7
267 990 12
244 663 4
285 797 9
621 980 14
667 501 17
704 846 10
179 635 5
904 366 17
920 914 7
527 6 9
495 257 7
916 708 6
914 180 3
219 822 16
602 229 12
988 380 10
17 242 5
109 902 17
515 122 10
118 85 2
263 478 8
319 828 2
504 575 16
651 229 16
333 6 2
58 567 5
626 610 1
610 92 7
212 116 2
194 697 18
682 488 12
163 340 9
919 59 17
164 396 3
113 615 4
666 913 20
839 681 18
986 23 19
167 332 10
899 525 12
539 928 20
525 651 11
258 791 18
150 803 5
767 465 1
686 294 6
74 816 14
568 664 14
193 123 14
527 834 6
238 714 3
632 141 5
6 554 6
825 202 2
718 156 5
97 741 18
736 560 16
768 527 18
615 596 11
145 296 11
38 628 18
134 344 6
739 341 20
939 697 8
714 754 2
59 213 20
246 193 11
545 184 15
96 33 20
771 502 19
727 500 13
987 250 19
797 571 7
721 182 3
921 163 8
657 565 10
589 409 13
483 754 5
6 919 10
238 53 7
539 713 19
685 770 8
873 325 17
83 580 5
870 873 6
125 675 16
487 660 18
404 203 18
658 242 3
244 3 1
357 204 4
954 582 14
652 196 3
468 732 13
285 101 3
74 328 10
821 317 20
225 897 8
686 703 17
822 180 12
45 179 20
528 196 1
319 474 14
488 923 20
958 255 13
618 567 2
454 516 11
743 672 4
781 585 3
498 980 4
38 406 1
146 591 5
873 190 19
988 65 11
670 906 12
793 930 16
80 730 7
775 822 6
462 26 3
376 535 2
669 300 20
626 748 10
56 180 18
480 842 11
404 316 10
747 96 1
626 890 6
738 19 14
838 320 13
402 69 13
877 743 8
564 705 9
506 128 7
344 73 19
780 555 20
755 378 8
78 160 20
158 982 10
788 413 13
615 748 6
318 829 15
333 18 20
347 733 13
14 620 17
78 560 12
728 710 7
445 802 18
144 903 17
972 51 16
200 130 17
864 287 16
723 768 3
722 341 10
220 256 9
149 632 6
989 467 4
215 441 16
372 441 13
553 597 18
123 178 16
49 68 14
464 844 3
602 605 4
789 776 20
650 326 4
54 190 4
376 354 6
223 294 12
442 198 18
365 325 9
649 861 4
410 408 17
33 6 2
400 721 11
616 449 12
64 22 7
269 883 13
583 450 3
472 430 15
6 610 8
734 2 6
165 981 18
726 645 14
729 803 12
543 223 8
159 163 6
45 738 1
220 132 5
488 500 3
430 885 1
400 190 6
889 378 14
708 372 6
960 391 3
400 753 15
894 707 8
55 701 12
815 507 20
511 898 12
977 329 12
341 901 17
3 953 18
271 748 12
159 480 18
618 861 8
244 581 2
762 480 5
891 479 2
784 808 9
308 89 20
918 956 8
60 615 17
231 12 16
970 903 5
471 858 10
346 8 3
23 344 7
356 55 15
465 578 8
556 565 4
960 320 19
465 791 13
658 915 13
665 685 1
660 234 6
51 286 3
181 179 16
257 670 8
103 411 19
794 395 5
182 746 12
44 623 8
535 492 12
281 104 18
600 86 2
505 710 16
827 718 4
984 89 7
999 865 6
944 485 14
818 854 19
257 298 18
794 357 7
928 164 3
313 830 13
638 613 17
145 895 12
782 310 13
205 168 9
207 370 6
127 281 7
46 835 1
565 553 12
469 44 20
394 558 12
565 459 15
59 441 17
170 434 8
437 686 12
285 108 14
563 333 15
798 503 2
114 846 7
852 291 3
374 798 9
239 995 17
956 680 4
130 950 10
931 220 16
70 979 9
752 589 20
828 237 6
928 702 5
849 582 11
670 442 6
1 374 15
249 167 15
98 587 9
645 69 5
323 821 8
562 986 2
106 190 7
718 806 6
206 677 9
651 284 7
865 292 12
423 747 19
689 641 2
452 448 8
253 903 16
762 636 15
550 501 3
446 549 15
688 152 13
43 800 17
844 450 19
492 806 4
590 741 13
695 492 8
959 181 14
745 269 8
80 189 8
291 807 18
924 948 17
318 933 13
938 771 14
579 692 15
783 253 6
990 836 4
971 254 20
113 846 12
80 817 6
394 555 3
629 829 20
170 863 13
152 918 10
117 302 10
198 113 17
770 33 8
249 287 1
767 637 6
970 447 7
149 624 20
65 164 8
165 608 11
985 444 11
993 517 14
1000 723 15
363 930 7
90 75 16
579 94 17
814 860 10
834 791 9
474 67 16
895 452 7
706 283 19
607 538 17
417 994 12
653 198 17
88 964 14
973 320 12
255 630 19
110 576 13
904 614 5
77 166 2
229 298 17
494 829 11
266 340 17
794 453 13
808 483 1
538 68 7
255 663 14
148 254 2
820 943 2
839 147 3
513 467 16
548 583 9
314 616 1
14 131 4
717 708 18
141 95 20
434 200 9
656 384 8
505 658 13
629 21 20
522 6 15
457 102 10
238 896 14
717 658 5
334 774 6
425 932 20
123 250 9
193 56 19
210 884 3
315 125 10
75 44 2
187 439 20
60 830 3
173 954 9
408 308 10
926 709 15
143 423 17
506 2 2
737 246 13
345 515 14
434 764 5
843 919 1
905 124 13
424 400 9
816 590 10
207 725 11
549 510 6
825 80 10
180 504 6
384 311 19
620 298 19
986 311 2
536 616 3
334 882 6
691 400 6
911 140 16
491 4 15
500 71 15
807 135 9
669 958 1
829 25 15
713 993 6
166 806 13
996 127 9
487 637 19
897 32 15
304 265 13
863 380 15
335 475 17
608 730 13
186 880 6
809 735 12
3 308 19
379 656 11
193 649 11
710 436 13
526 230 13
663 52 19
598 248 10
487 691 14
359 671 4
860 775 6
677 732 17
448 590 18
893 932 16
457 813 8
365 205 3
747 940 4
63 929 13
928 104 16
844 391 13
141 668 7
26 428 19
129 992 16
943 308 12
34 380 16
842 485 19
424 670 7
180 61 17
72 196 15
903 675 12
805 886 2
352 698 13
706 916 20
850 914 1
628 704 13
128 684 16
391 281 4
765 271 6
620 681 5
282 719 20
927 408 3
851 229 13
391 986 14
447 965 8
750 593 8
237 448 14
31 133 10
917 219 6
477 463 15
104 285 10
291 271 18
973 39 19
223 679 2
201 67 12
487 558 14
540 352 4
651 581 5
544 460 13
259 290 5
844 264 17
252 848 4
62 753 5
205 636 1
975 839 12
805 378 2
653 660 9
811 80 20
242 920 5
996 219 16
571 440 9
80 125 16
507 159 19
836 109 10
687 393 19
611 562 17
673 14 6
231 551 5
836 870 3
861 565 18
920 805 4
671 455 2
160 560 17
402 985 20
423 874 12
676 604 3
650 969 2
774 569 10
754 605 15
427 71 19
527 578 12
286 844 9
343 122 5
969 105 7
288 501 4
350 717 13
164 577 16
984 371 11
175 382 9
931 901 8
967 285 4
249 586 10
238 386 16
578 600 18
98 532 10
543 808 11
582 711 5
35 237 15
374 66 8
653 667 5
686 529 13
831 171 17
413 755 6
228 856 15
554 240 9
804 49 15
63 233 18
456 165 15
775 808 1
76 282 8
283 999 17
294 552 13
513 188 15
396 460 13
922 51 6
23 924 10
792 724 11
229 713 4
331 904 5
55 167 19
489 930 3
206 696 8
134 69 6
870 649 17
323 343 7
157 792 8
650 67 2
60 772 13
997 405 3
861 683 4
274 656 11
140 426 15
238 918 4
636 114 20
703 791 13
323 43 17
753 115 10
350 819 19
932 774 14
751 96 17
50 767 18
527 364 16
625 611 2
3 331 14
372 848 6
305 876 13
213 221 12
492 241 10
128 183 15
351 876 7
645 815 19
752 11 18
993 837 8
975 352 2
578 49 1
764 326 10
751 295 13
553 445 16
495 349 10
401 700 16
454 383 4
642 627 14
534 547 14
80 455 17
552 288 4
114 356 16
75 841 4
298 333 11
317 503 4
997 686 10
258 604 6
859 439 3
14 69 3
77 946 11
377 778 6
30 142 20
465 703 17
375 75 18
778 832 12
401 397 20
732 563 3
362 821 15
164 533 16
153 254 4
146 584 7
467 263 11
736 794 13
192 634 12
663 715 3
819 437 6
305 308 3
95 68 4
296 659 16
245 666 12
556 509 17
201 719 4
880 671 4
167 433 7
375 773 5
23 610 12
651 509 15
795 358 14
808 687 13
62 378 3
266 378 3
764 872 17
699 494 19
897 978 12
611 511 4
23 95 16
353 509 6
234 544 4
436 986 6
179 99 10
697 973 15
306 171 16
71 768 12
492 891 8
31 492 10
228 444 2
33 831 5
455 652 8
368 99 11
770 285 13
360 504 12
814 201 13
679 202 18
950 767 17
867 653 7
190 910 6
728 248 4
808 229 11
593 74 10
560 123 5
450 161 17
592 777 13
915 107 12
30 159 13
379 734 17
334 513 7
2 964 2
258 39 8
685 524 6
779 665 6
83 504 5
501 249 5
626 660 5
819 935 5
67 183 1
813 780 17
671 844 12
853 228 15
511 535 4
482 362 14
517 497 9
519 545 8
400 980 7
988 118 5
80 86 6
140 386 2
411 178 10
492 496 15
248 319 20
671 921 19
916 857 2
474 566 12
655 739 3
389 663 19
409 468 14
241 27 7
496 371 16
208 19 17
476 293 14
976 26 12
822 743 20
186 601 5
473 851 20
976 774 19
624 568 17
531 412 16
978 53 1
923 887 17
135 907 19
734 863 6
672 185 15
633 115 16
449 200 7
882 506 9
56 738 5
903 669 20
357 943 6
742 118 2
796 20 7
647 610 1
251 882 13
105 59 13
821 792 12
830 569 18
662 550 13
529 863 1
171 47 14
252 539 10
475 543 7
71 827 3
287 224 20
530 332 5
909 307 13
346 726 5
215 600 19
17 764 9
998 558 19
487 630 6
422 341 14
571 757 14
365 970 11
342 869 1
451 133 9
774 934 15
138 28 18
126 959 13
393 792 17
937 576 9
202 696 11
530 210 10
795 719 18
556 357 20
977 244 4
416 563 10
456 664 17
653 42 5
271 320 14
507 475 9
856 961 11
644 574 15
178 695 3
788 932 1
146 224 17
752 237 4
750 488 2
432 143 10
156 154 12
268 459 17
82 263 8
164 167 2
838 650 12
752 646 11
622 885 6
407 745 18
228 308 2
856 348 9
410 233 6
675 484 13
704 198 14
629 861 8
432 3 3
925 577 4
19 967 4
941 330 15
451 579 7
827 315 5
124 680 14
422 609 2
11 225 18
320 422 2
836 931 15
192 581 16
31 180 20
744 876 20
957 685 13
703 485 1
35 403 4
176 562 4
459 253 19
203 918 17
953 583 6
315 551 13
292 582 6
368 101 6
154 412 15
944 692 13
43 425 6
875 447 18
236 936 17
871 682 12
630 460 15
52 693 9
271 748 13
338 386 8
562 719 17
400 951 5
730 948 3
271 721 7
167 776 1
964 536 1
185 962 8
578 771 19
991 578 12
596 473 19
704 324 3
288 84 10
112 6 8
629 785 5
308 172 2
136 452 15
314 890 19
813 196 19
85 954 1
113 232 20
547 395 17
904 398 2
884 69 18
75 851 5
113 521 10
350 812 1
160 246 10
969 433 16
216 276 17
911 248 17
124 913 7
712 47 1
711 397 1
16 163 5
228 193 19
900 847 2
149 236 2
657 847 4
166 498 15
429 388 20
30 182 3
889 237 18
240 759 7
387 924 5
99 719 16
65 982 11
307 735 10
972 114 3
35 604 3
102 224 17
380 613 3
920 179 9
523 77 6
31 826 3
120 644 3
345 867 1
486 344 19
29 577 10
327 846 4
255 53 14
373 719 12
526 888 5
115 311 19
177 49 5
343 238 17
651 155 5
271 820 5
732 983 7
714 848 16
7 741 20
511 890 20
473 100 7
415 89 15
874 144 17
929 436 5
636 404 17
975 760 17
337 316 19
17 261 2
132 563 3
684 606 15
43 139 8
760 726 10
999 236 19
351 988 5
461 887 13
346 747 8
91 97 14
202 816 7
32 166 17
495 673 15
596 166 20
401 834 10
179 368 10
546 550 11
485 236 9
720 888 16
97 110 4
390 979 10
16 818 17
729 982 4
733 228 19
99 841 14
992 70 15
614 781 8
986 697 8
905 269 5
851 55 13
949 391 16
122 757 13
569 142 12
976 609 2
636 653 5
923 418 12
549 854 14
903 810 6
598 411 12
558 630 9
265 508 8
680 548 12
935 514 8
104 905 6
112 562 20
213 28 2
332 276 3
672 494 17
419 434 2
423 1000 5
548 5 5
658 90 4
209 5 8
857 51 12
837 219 3
552 624 4
760 442 16
957 699 12
449 496 5
538 782 13
623 289 20
376 796 14
482 868 4
42 771 16
260 660 2
677 471 14
292 697 7
455 251 14
159 194 15
926 236 19
450 497 5
496 598 8
146 302 5
125 832 19
796 118 15
225 534 5
703 894 14
577 63 14
993 875 12
382 377 11
138 232 11
518 586 6
95 520 20
984 291 18
682 395 2
40 143 19
48 931 16
495 570 20
162 883 13
393 668 10
504 614 13
97 917 19
317 323 19
738 161 19
821 784 6
546 592 10
121 555 4
993 556 4
345 145 12
155 504 20
65 63 16
729 415 4
808 898 17
413 811 3
364 972 15
388 648 12
483 282 14
40 747 10
611 336 18
542 823 2
416 777 10
729 499 2
591 170 10
416 716 19
442 57 15
198 477 11
252 215 3
498 750 9
857 216 2
726 265 20
128 977 13
694 682 20
766 316 12
729 472 19
68 439 16
207 170 4
354 46 16
299 958 7
729 327 20
723 342 4
336 842 20
537 822 3
993 841 15
438 533 13
525 152 11
642 95 19
266 553 18
799 10 11
48 348 9
772 193 6
511 276 12
849 969 7
806 740 7
204 525 12
130 684 2
998 182 3
556 89 9
235 668 13
544 367 1
781 933 5
536 71 3
725 126 4
819 826 9
752 109 4
886 835 7
708 955 10
562 794 13
873 566 9
513 833 15
293 885 3
120 787 4
925 198 1
274 222 17
997 76 2
641 498 11
11 533 11
446 306 13
594 506 6
881 782 6
101 2 9
715 280 9
537 852 9
183 480 7
862 994 3
698 998 14
641 839 3
577 472 7
157 469 8
452 738 11
349 273 2
245 176 8
785 926 14
300 801 9
473 672 4
69 443 13
1 827 4
704 127 15
208 740 19
407 381 3
594 585 12
273 661 11
984 959 7
118 222 9
80 252 13
763 577 2
672 407 10
723 666 12
412 453 11
491 835 17
90 628 3
250 564 10
436 98 9
539 206 17
26 535 10
715 887 4
119 343 13
760 554 5
887 653 17
713 47 6
782 677 2
568 62 8
926 420 4
245 797 7
83 14 16
964 463 14
418 169 7
546 788 2
197 596 2
542 928 15
409 776 10
959 939 18
365 210 10
521 795 12
998 407 4
732 574 14
968 886 6
149 616 10
833 1000 7
579 27 9
730 869 4
546 210 11
918 85 19
658 968 14
44 674 15
868 30 1
610 222 18
242 822 4
524 938 10
471 938 4
395 832 4
221 639 9
668 385 4
873 366 3
321 356 4
939 261 4
471 298 7
803 347 4
552 831 11
584 580 2
800 849 5
574 226 20
494 209 8
949 940 14
463 902 11
392 369 12
801 665 17
785 540 11
487 337 16
738 812 17
303 503 5
227 583 1
785 334 9
383 430 14
25 198 7
783 922 17
230 540 12
237 982 2
939 688 6
167 265 15
399 903 4
891 743 3
184 119 15
282 677 4
705 413 1
98 551 16
844 944 10
33 359 12
703 15 5
833 702 3
493 115 5
656 802 2
542 252 2
718 453 17
250 261 14
953 700 10
497 790 13
726 743 13
923 828 13
285 32 10
831 992 17
250 251 20
787 91 16
283 847 9
598 701 20
624 46 14
956 346 19
439 798 2
447 654 12
168 714 20
13 964 10
460 401 1
506 9 18
478 914 6
494 875 5
357 946 17
222 91 4
175 463 7
756 115 20
504 56 20
950 643 15
60 914 9
380 219 18
688 650 18
441 346 14
957 492 11
642 531 14
271 66 3
212 115 16
303 532 3
929 296 14
165 313 2
404 460 14
926 714 4
361 637 15
636 829 18
476 720 5
244 839 17
147 799 3
829 535 7
383 76 10
352 891 16
621 602 2
909 552 17
976 4 20
11 341 7
19 840 12
490 279 16
295 702 10
8 748 18
647 455 11
907 12 19
189 783 20
926 567 3
556 286 12
87 896 9
115 39 6
122 370 9
430 400 16
637 619 7
193 988 18
571 983 1
339 943 14
230 175 2
640 149 14
353 911 19
274 358 6
935 425 7
328 37 6
365 374 11
691 920 1
615 691 17
51 790 6
69 864 17
5 140 4
561 71 18
535 586 10
315 562 1
820 792 3
516 66 20
855 581 11
507 281 2
921 807 9
315 6 19
526 144 16
742 883 6
762 203 12
316 621 9
300 510 1
871 851 8
408 458 13
46 850 7
192 285 4
860 199 16
338 713 19
172 646 7
112 307 20
25 164 19
18 976 4
251 277 8
12 375 3
13 603 20
211 619 1
216 529 8
433 589 9
45 960 6
16 468 19
770 825 10
168 146 18
53 226 6
897 592 19
857 44 10
167 72 15
5 380 9
410 739 1
518 283 17
473 977 1
769 409 18
296 43 14
553 551 9
726 869 20
222 838 16
127 819 9
300 929 19
521 382 12
850 429 10
8 625 17
760 684 8
812 335 5
637 907 5
203 845 16
444 715 1
554 825 17
336 158 19
992 881 13
190 370 13
433 563 6
22 862 12
566 359 2
104 778 19
924 162 6
87 512 18
403 669 3
770 271 3
613 641 16
172 327 20
135 489 17
731 811 13
808 537 5
110 726 13
189 103 2
245 32 18
157 844 9
187 324 4
767 408 2
281 500 5
109 266 12
902 4 17
736 525 5
549 357 16
989 497 5
329 61 5
275 449 16
333 438 17
156 995 7
753 596 5
145 531 11
629 923 11
352 846 6
785 893 6
756 628 14
907 446 3
199 16 11
977 437 15
847 435 14
580 1 7
573 325 19
1 509 6
839 801 8
73 372 10
822 829 12
808 822 5
498 669 13
779 417 12
637 764 16
223 759 7
281 69 20
794 583 6
380 356 16
732 137 12
484 83 18
584 856 14
971 183 6
361 658 9
656 692 13
68 265 5
118 86 11
837 139 1
556 96 12
127 736 18
48 827 3
817 761 6
387 995 6
689 905 2
798 292 15
437 810 12
266 601 16
137 741 9
280 899 7
746 954 6
646 671 17
780 45 6
531 881 16
452 474 19
534 322 20
366 477 16
15 806 6
393 366 2
133 27 7
673 280 18
314 15 10
291 666 16
110 729 3
424 757 20
629 957 19
689 674 17
960 761 4
884 686 7
846 607 17
50 874 18
127 313 2
521 938 7
177 79 5
236 699 3
828 943 17
621 578 2
811 755 5
388 682 12
943 868 7
287 715 16
450 940 4
223 518 8
538 741 6
154 926 19
102 439 1
744 631 2
736 71 3
238 87 17
1000 83 3
445 226 6
289 539 6
891 128 12
864 539 3
695 482 18
988 663 16
867 538 5
533 234 3
955 386 6
972 278 8
736 146 16
76 398 15
588 960 17
942 564 2
119 259 1
85 592 16
293 423 9
33 477 19
297 303 18
659 631 13
328 832 15
170 695 6
333 400 5
600 625 11
629 87 9
488 404 12
655 457 4
892 3 2
631 51 1
975 267 11
16 461 5
883 12 18
396 845 11
414 180 19
268 609 16
984 949 1
268 85 11
642 360 10
237 999 16
783 400 16
640 185 10
830 775 7
846 13 17
193 403 20
369 260 17
294 309 19
883 835 6
785 883 11
124 822 15
763 405 1
792 365 15
717 880 4
651 237 20
641 963 15
416 640 5
966 843 2
234 444 7
887 70 14
182 325 18
398 573 9
618 862 13
197 163 14
28 309 12
829 322 13
957 960 11
225 671 5
769 47 10
180 783 13
786 594 1
1000 856 13
473 314 7
631 152 15
215 323 11
134 64 20
997 235 12
735 660 1
393 178 10
522 596 1
957 845 16
862 992 17
481 820 8
745 660 20
177 540 4
327 212 6
892 626 18
199 451 6
298 164 8
862 836 5
769 403 19
619 778 19
678 121 14
185 413 15
252 251 10
27 801 3
246 817 2
475 203 11
640 910 16
372 749 7
818 248 1
938 896 10
79 478 18
324 505 5
671 63 1
938 879 7
511 830 7
246 761 16
953 636 13
785 241 19
923 502 2
258 824 12
566 643 14
158 696 1
213 309 7
218 68 15
241 480 18
133 400 10
743 834 8
889 15 19
869 742 10
791 70 3
330 588 5
486 512 18
73 823 20
296 874 1
840 51 17
704 439 15
370 323 12
198 918 10
755 344 12
949 574 17
517 681 14
510 554 15
6 859 7
471 7 16
336 716 1
821 109 16
871 712 8
297 515 10
989 93 3
987 392 19
728 655 6
58 48 13
117 154 5
114 525 16
195 404 4
472 839 17
821 802 12
556 229 5
743 366 2
244 132 20
294 837 1
492 942 11
72 66 2
909 260 2
913 51 10
529 971 10
289 409 17
134 820 9
518 853 18
500 289 16
690 303 16
450 621 10
467 538 9
146 472 4
619 887 20
346 727 6
431 113 8
578 656 19
740 420 1
291 441 9
839 633 15
369 913 12
63 406 2
708 736 11
338 460 10
780 250 1
345 121 16
730 995 4
381 322 20
441 700 13
763 929 13
772 122 1
211 270 5
731 810 9
861 502 5
580 690 20
570 419 18
197 791 16
732 140 16
513 156 2
916 106 4
268 762 3
502 829 18
959 444 7
578 489 2
85 822 20
723 946 4
217 42 3
804 138 7
385 376 2
468 120 10
119 53 12
673 640 10
972 319 10
459 711 8
992 981 3
327 904 13
649 626 12
842 482 4
612 161 18
502 946 13
935 818 17
219 491 18
566 982 15
742 800 2
110 366 3
986 71 11
278 752 9
675 426 3
56 331 15
119 439 10
402 475 12
528 560 9
468 333 13
224 93 12
308 632 7
462 223 17
32 957 8
809 112 3
90 274 8
441 827 18
769 723 17
543 338 2
582 406 9
85 422 5
949 553 19
363 952 20
600 498 6
868 493 9
611 562 18
156 227 12
807 116 12
547 648 5
994 974 9
338 180 14
516 910 3
813 950 17
863 233 18
588 116 20
789 281 17
758 902 13
243 161 12
991 953 20
62 619 11
286 799 7
498 336 10
567 68 15
884 97 15
948 648 14
397 521 7
853 629 18
719 744 17
76 524 11
754 558 2
413 762 2
671 178 5
223 257 2
712 758 2
953 290 11
746 315 10
645 174 13
873 208 17
194 994 5
188 543 6
306 425 3
972 939 20
569 684 2
74 478 2
908 1 10
432 807 19
890 513 7
203 964 13
869 787 18
939 588 10
300 350 3
666 943 7
951 203 8
843 219 11
195 928 9
46 812 5
52 962 14
667 810 1
88 921 13
285 776 7
774 968 2
634 165 20
322 315 3
870 976 14
865 95 12
112 619 4
170 312 4
706 180 17
685 439 4
196 571 17
473 703 3
924 410 2
272 569 20
343 269 1
260 804 12
835 230 10
797 957 12
59 807 15
717 956 2
18 770 20
677 156 7
28 169 14
561 834 18
346 86 7
923 864 14
622 872 3
947 764 15
52 771 2
54 156 5
431 500 1
312 18 18
745 283 1
251 603 1
948 650 13
460 55 9
773 136 5
922 1000 4
242 948 7
20 599 19
988 299 5
962 642 3
652 426 12
126 153 19
1000 901 12
747 768 18
809 964 15
857 486 18
616 527 19
954 553 19
888 282 15
263 396 19
545 450 13
922 254 15
49 923 9
642 341 15
869 202 12
536 103 13
976 827 18
140 638 3
525 413 5
124 389 2
443 480 7
286 917 15
658 203 2
328 943 7
314 559 2
539 342 6
839 657 20
555 485 15
841 571 20
789 260 7
528 159 12
101 824 18
710 819 17
369 860 3
6 919 9
807 733 8
162 240 5
376 955 4
675 394 4
287 586 14
866 608 19
567 993 3
630 644 5
540 186 16
182 136 19
562 747 6
736 462 7
33 238 2
149 995 9
809 547 1
478 368 12
768 507 12
602 821 2
903 8 9
147 308 3
415 592 17
619 924 17
351 613 18
298 473 10
391 446 5
574 611 14
818 366 18
930 14 9
120 717 6
925 460 9
265 457 12
1000 116 10
819 12 15
11 334 10
99 866 13
363 346 12
19 841 10
295 304 20
401 106 13
39 422 11
246 219 7
203 326 10
292 958 13
36 571 20
16 725 3
244 845 2
116 303 15
297 606 1
709 135 14
210 590 2
628 247 2
133 330 3
187 526 5
661 988 15
90 281 5
930 558 3
528 657 9
183 439 11
486 14 15
879 471 13
701 980 19
245 422 15
200 12 19
486 537 10
799 549 14
314 309 19
543 72 8
512 206 12
167 243 8
375 800 14
183 406 3
91 112 2
566 121 3
351 921 14
925 568 9
630 413 12
349 994 16
839 914 11
483 428 11
60 859 13
102 699 19
51 410 13
719 125 13
91 849 2
398 471 13
144 577 18
577 123 17
231 885 20
507 273 18
725 718 2
17 856 4
922 736 8
819 378 11
654 803 19
244 176 3
942 395 14
310 21 1
384 938 19
391 318 11
674 532 19
162 663 9
819 97 12
407 918 19
222 378 10
645 175 20
100 201 18
645 709 11
483 489 5
396 264 8
722 234 16
682 33 16
550 591 6
213 538 6
342 492 16
705 636 7
593 989 10
853 906 5
356 480 2
746 920 16
334 74 5
625 780 10
496 897 17
719 687 8
370 377 20
90 720 17
410 216 11
323 152 3
993 504 17
188 997 4
53 894 5
136 117 16
330 63 15
540 396 10
42 639 15
532 80 4
464 64 18
311 3 3
452 705 4
427 649 20
435 573 3
987 444 9
916 969 4
647 711 7
166 141 5
944 914 17
543 306 6
505 877 17
415 1 20
360 897 18
830 587 5
254 697 1
658 734 11
174 59 18
926 861 18
685 423 14
860 935 20
2 954 13
434 412 3
607 333 11
719 414 9
652 845 2
104 779 14
719 296 5
170 455 10
350 320 15
541 389 8
38 763 8
933 823 12
417 421 8
904 597 15
648 453 10
663 461 20
374 261 16
625 888 9
182 886 19
491 347 11
877 333 4
35 959 6
800 357 3
445 344 1
12 262 4
532 798 4
123 521 20
712 364 15
26 281 11
8 739 17
130 454 9
619 709 2
3 433 18
237 483 12
251 327 14
307 896 4
741 92 12
654 606 1
52 356 20
20 569 19
327 321 20
254 723 6
67 536 16
844 206 16
68 402 19
592 89 10
877 214 1
667 999 8
781 789 9
5 221 3
351 843 13
114 692 9
981 537 17
300 829 19
708 51 4
228 925 12
163 731 5
540 597 5
778 649 19
790 63 17
711 671 16
308 621 13
185 158 12
495 311 17
158 437 18
182 289 20
158 602 5
10 643 16
126 693 5
169 253 7
240 463 6
68 884 12
335 174 20
75 871 18
248 145 15
791 127 9
797 899 17
400 310 1
946 761 1
326 452 1
488 806 14
121 604 4
608 649 12
185 729 20
314 918 7
976 188 12
195 558 13
246 432 16
707 40 1
756 668 1
759 649 6
658 666 16
463 543 6
753 524 16
884 687 20
314 640 10
426 16 16
197 301 9
661 304 14
968 875 3
434 881 5
338 816 11
630 614 10
321 439 12
605 710 17
526 483 16
774 680 10
214 117 20
573 353 3
351 849 10
280 816 4
941 367 3
441 290 9
197 922 2
886 798 20
411 707 4
756 227 12
671 405 7
454 342 6
354 83 14
123 829 16
965 667 17
620 544 1
967 46 9
769 59 8
27 112 3
498 908 7
581 120 2
125 65 2
452 45 17
66 626 13
528 229 4
569 654 11
850 159 13
505 531 17
998 497 20
170 694 17
828 807 20
805 780 14
324 259 15
102 381 11
534 623 6
476 591 4
616 399 14
963 9 4
695 386 11
943 53 10
262 539 3
971 110 13
373 967 19
587 186 11
804 792 12
794 378 16
976 856 20
428 643 20
10 746 11
547 769 4
59 219 11
330 824 14
450 26 1
934 776 19
315 430 10
696 103 11
551 584 1
723 724 10
485 70 18
136 708 4
95 579 1
776 17 9
112 980 9
235 455 4
847 205 1
655 323 13
598 147 12
81 477 7
187 513 3
328 672 3
662 61 13
62 675 20
578 118 18
519 869 3
62 237 13
861 718 5
733 934 3
483 72 12
11 68 5
287 382 6
947 740 6
955 271 5
872 570 13
52 191 4
444 358 1
246 610 20
46 884 18
461 438 5
741 771 12
442 241 15
338 192 4
12 15 20
5 181 5
519 776 11
99 553 3
136 354 10
929 123 6
22 454 8
435 518 12
65 896 1
344 277 13
717 107 11
23 374 18
1000 982 5
154 490 9
490 424 5
821 632 9
937 630 4
261 796 3
586 760 1
110 154 18
979 740 15
84 330 15
778 263 18
920 281 3
919 453 13
811 772 14
513 713 11
535 476 3
620 21 1
994 687 18
314 625 3
915 624 19
661 976 14
221 119 15
76 212 8
890 416 14
107 578 9
261 148 7
98 2 11
44 510 10
998 903 16
773 212 8
690 779 6
765 461 10
644 463 16
821 931 5
377 529 8
203 260 5
900 59 6
588 370 11
381 537 12
495 19 12
64 325 4
883 430 3
693 127 9
353 446 7
639 60 9
163 756 9
502 303 16
391 927 2
963 915 4
112 131 10
423 480 4
293 971 20
753 771 16
759 549 13
60 202 17
527 25 13
985 746 10
954 724 17
399 796 14
997 639 20
391 340 8
364 699 15
682 808 20
724 726 1
184 347 3
412 468 2
483 155 7
408 259 2
578 355 6
156 665 17
29 466 5
732 926 5
132 772 9
265 179 14
853 106 18
797 689 2
866 616 6
793 440 12
520 233 17
859 354 4
553 80 1
666 799 5
20 901 2
763 53 6
813 46 16
313 325 18
540 164 20
13 446 1
755 480 12
703 475 17
893 48 4
474 946 12
370 423 19
716 472 2
25 980 13
531 542 2
617 631 6
921 514 10
291 272 1
798 134 1
995 964 17
285 496 15
350 88 1
196 369 9
59 348 12
844 10 14
321 909 9
795 786 4
652 252 19
477 363 16
854 687 8
272 899 5
918 405 18
574 914 18
262 762 10
917 629 17
386 825 15
743 500 18
724 676 8
976 857 17
938 733 1
988 823 1
893 454 2
587 526 16
451 16 7
169 40 10
766 929 20
822 977 18
931 760 10
857 993 2
895 60 15
910 299 7
900 760 13
150 855 2
652 799 2
357 732 9
647 33 19
58 31 1
85 255 2
444 800 5
517 320 5
834 688 5
343 802 9
104 945 7
584 817 16
461 264 8
761 872 7
847 299 9
788 205 8
89 622 20
608 896 4
778 538 8
550 290 12
512 756 5
745 675 14
852 300 13
227 346 20
22 448 20
590 37 11
141 595 12
680 337 20
398 442 18
592 825 15
391 375 12
793 927 14
965 201 10
2 433 19
580 259 14
233 579 16
754 255 8
871 465 15
920 379 8
999 864 3
340 23 17
244 365 2
827 117 16
690 769 8
425 775 4
762 408 7
331 290 6
723 810 18
149 884 7
618 128 17
621 12 14
829 446 2
578 381 9
705 641 14
852 442 11
344 414 9
950 173 6
452 476 18
300 816 6
481 409 20
111 741 17
808 765 3
736 557 19
609 945 2
980 553 13
766 76 19
379 625 20
665 38 13
324 464 13
666 106 17
293 723 8
592 253 12
32 484 19
369 371 2
681 598 1
207 683 8
686 452 11
603 459 7
859 655 14
2 673 18
41 736 13
464 713 19
571 29 3
117 509 15
387 85 16
954 590 6
386 57 11
720 177 9
242 827 12
740 77 1
988 414 2
851 344 7
818 426 4
525 764 17
736 539 13
409 515 10
47 594 9
50 648 8
770 826 20
909 64 19
492 346 7
435 556 17
304 669 15
767 193 11
298 869 13
824 821 10
413 833 19
831 473 8
240 158 1
473 40 18
484 328 15
40 284 20
314 715 6
214 418 14
683 789 12
777 667 1
763 554 17
48 619 13
45 183 8
854 186 3
959 455 6
350 90 14
105 615 6
469 134 17
403 87 12
243 602 15
84 256 10
95 16 5
689 173 6
936 793 7
482 33 12
459 722 14
632 204 16
358 960 5
86 76 9
583 484 4
788 755 10
20 128 18
598 632 6
568 166 13
540 932 8
844 368 6
536 719 3
868 654 7
61 355 15
593 815 11
255 276 17
724 131 3
197 732 19
40 94 12
14 171 13
821 995 20
897 575 18
794 340 6
750 163 6
524 870 7
112 872 9
22 461 18
935 804 13
62 607 8
745 40 8
110 416 10
772 212 12
155 139 9
108 223 10
5 646 7
581 544 20
555 260 20
740 621 19
406 253 11
881 831 2
952 796 14
939 634 18
800 94 11
683 164 14
201 668 18
921 703 3
26 478 20
90 970 11
143 25 4
474 67 9
128 69 13
641 255 18
562 940 14
665 849 17
188 433 16
718 599 4
293 84 1
900 851 10
920 150 13
935 758 18
531 310 12
385 955 19
881 918 4
299 92 18
843 505 4
713 83 13
783 707 7
527 274 10
277 49 17
929 713 13
795 73 12
588 362 12
374 490 16
436 676 4
680 370 1
276 483 17
78 91 8
125 744 6
176 700 7
343 320 19
74 90 5
374 726 17
865 474 8
326 487 10
42 232 11
821 1000 10
55 908 15
446 463 14
167 562 11
37 576 19
259 721 18
342 460 20
834 876 10
690 13 15
395 407 6
46 338 6
206 128 7
850 885 1
666 359 7
222 492 1
961 280 13
766 648 11
516 245 11
908 240 12
949 338 5
634 896 15
978 310 19
261 558 14
667 701 2
716 67 6
279 457 7
272 813 8
184 757 14
417 173 4
590 88 2
782 650 13
269 150 18
39 316 4
230 585 3
325 706 6
570 956 5
501 585 3
813 387 3
559 375 7
460 407 20
958 737 12
219 436 1
513 610 18
348 525 11
501 761 15
93 608 2
541 274 9
678 251 13
271 940 5
382 591 14
149 974 20
997 92 2
238 513 1
756 567 1
273 978 12
541 240 6
917 578 18
510 938 9
660 733 14
633 554 9
624 583 4
264 938 9
219 200 7
483 750 2
504 802 13
116 10 5
414 928 14
203 558 20
434 609 9
117 22 3
940 532 15
216 625 4
892 887 3
336 496 10
302 727 16
896 440 19
984 455 20
87 761 16
991 493 11
374 533 18
752 39 4
454 768 13
467 433 2
376 174 14
852 329 3
160 163 2
196 591 4
693 115 16
469 385 15
975 1 16
289 434 17
457 523 9
154 687 3
232 23 6
176 522 1
353 506 11
872 78 15
703 977 6
522 27 7
439 697 17
643 51 3
33 505 13
139 532 2
172 683 11
402 497 12
178 285 1
400 718 17
699 436 14
504 98 11
964 103 18
290 494 13
798 3 3
949 648 2
880 237 10
961 624 13
139 682 13
133 754 6
635 162 19
386 456 14
895 393 11
768 223 6
300 434 8
172 571 1
309 495 6
254 830 20
781 796 18
922 913 19
609 702 17
501 789 3
771 176 11
23 324 13
60 38 7
72 392 6
79 516 15
985 864 19
539 374 15
30 394 7
245 735 8
722 449 13
481 269 19
622 647 13
394 358 13
406 693 2
284 173 7
462 629 5
628 274 11
767 340 5
314 212 17
481 900 20
63 139 12
675 414 15
903 569 9
745 375 13
673 514 7
233 165 20
969 573 3
991 81 13
192 275 20
900 177 5
265 325 5
879 848 17
1 822 8
219 38 14
443 641 6
611 668 7
348 146 8
167 173 13
741 940 4
508 225 7
688 42 5
557 337 2
240 12 5
295 100 15
287 641 8
986 814 19
862 797 19
741 931 7
481 631 8
189 991 9
265 694 14
657 543 3
645 193 5
157 903 20
57 816 4
759 255 5
60 72 1
707 529 17
172 857 4
130 659 2
507 680 13
624 204 16
834 984 7
811 769 7
370 582 15
3 501 4
482 316 2
73 738 14
411 958 10
258 739 13
219 377 12
542 903 2
74 175 18
646 377 15
152 990 16
895 956 20
377 313 12
881 465 12
133 246 6
729 437 19
137 705 5
918 199 19
10 334 11
941 776 6
298 11 4
542 644 5
45 328 2
5 236 2
864 335 3
94 99 18
102 650 8
455 410 20
728 979 19
595 804 12
554 765 13
210 262 1
221 739 7
391 448 6
650 98 1
838 200 4
921 588 10
544 224 10
518 974 10
487 716 15
137 625 16
223 698 2
649 587 20
280 791 15
959 278 9
24 924 5
141 862 11
452 217 14
102 586 10
811 111 12
364 985 17
486 321 20
673 559 13
739 783 3
51 34 9
203 966 15
639 784 2
500 302 19
466 795 16
406 133 3
417 846 7
311 822 4
317 199 5
375 526 8
597 888 11
929 714 11
473 921 19
544 595 15
876 392 6
860 472 9
336 623 13
443 839 16
619 771 10
89 807 9
834 121 5
355 504 18
272 721 1
193 289 19
860 469 20
704 794 16
521 11 13
604 173 2
637 569 10
206 190 19
166 518 12
174 812 2
123 830 7
150 367 9
862 326 6
3 4 5
182 104 4
935 885 2
452 894 1
49 620 13
573 107 12
494 37 2
10 465 16
165 396 6
225 199 9
675 712 2
971 783 13
639 133 12
881 825 3
992 227 15
552 885 12
654 87 5
20 27 10
191 281 9
205 375 12
739 667 13
111 708 18
157 438 2
516 2 9
813 890 4
217 645 20
508 565 10
48 171 19
816 817 4
104 109 8
495 132 8
436 647 15
771 895 11
182 563 8
976 795 16
275 734 11
810 55 18
779 697 19
812 198 13
343 597 6
66 671 12
30 903 18
987 124 14
169 336 13
231 544 9
961 455 20
968 309 17
651 966 5
337 272 10
41 626 14
644 305 8
903 210 2
260 620 17
226 701 15
341 346 11
336 28 3
382 957 5
144 451 13
977 133 12
213 716 9
18 726 13
458 835 14
829 967 15
898 691 14
657 875 20
350 134 8
962 479 18
393 379 1
656 664 16
308 864 5
596 813 6
5 468 5
31 913 12
470 858 15
130 986 19
626 771 14
383 842 5
424 914 1
208 228 2
162 725 8
465 938 20
741 62 15
113 902 7
631 228 20
211 539 8
897 21 4
777 745 3
233 47 4
653 818 18
454 499 3
235 476 9
985 952 13
181 806 17
212 81 19
893 217 10
13 319 13
709 3 7
734 371 8
648 80 12
936 833 12
523 436 5
576 980 1
